(0.125, 0.125, 0.125)
(0.0, 0.0, 0.0)
(0.25, 0.25, 0.25)
(0.25, 0.25, 0.25)
(0.375, 0.375, 0.375)
(0.375, 0.375, 0.375)
(0.5, 0.5, 0.5)
(0.5, 0.5, 0.5)
(0.625, 0.625, 0.625)
(0.625, 0.625, 0.625)
(0.75, 0.75, 0.75)
(0.75, 0.75, 0.75)
(0.875, 0.875, 0.875)
(0.875, 0.875, 0.875)
(0.875, 0.875, 0.875)
(0.875, 0.875, 0.875)
(0.25, 0.25, 0.25)
(0.25, 0.25, 0.25)
(0.375, 0.375, 0.375)
(0.375, 0.375, 0.375)
(0.5, 0.5, 0.5)
(0.5, 0.5, 0.5)
(0.625, 0.625, 0.625)
(0.625, 0.625, 0.625)
(0.75, 0.75, 0.75)
(0.75, 0.75, 0.75)
(0.875, 0.875, 0.875)
(0.875, 0.875, 0.875)
(0.875, 0.875, 0.875)
(0.875, 0.875, 0.875)
(0.0, 0.0, 0.0)
(0.125, 0.125, 0.125)
(0.25, 0.25, 0.25)
(0.25, 0.25, 0.25)
(0.375, 0.375, 0.375)
(0.375, 0.375, 0.375)
(0.5, 0.5, 0.5)
(0.5, 0.5, 0.5)
(0.625, 0.625, 0.625)
(0.625, 0.625, 0.625)
(0.75, 0.75, 0.75)
(0.75, 0.75, 0.75)
(0.75, 0.75, 0.75)
(0.75, 0.75, 0.75)
(0.125, 0.125, 0.125)
(0.0, 0.0, 0.0)
(0.125, 0.125, 0.125)
(0.125, 0.125, 0.125)
(0.25, 0.25, 0.25)
(0.25, 0.25, 0.25)
(0.375, 0.375, 0.375)
(0.375, 0.375, 0.375)
(0.5, 0.5, 0.5)
(0.5, 0.5, 0.5)
(0.625, 0.625, 0.625)
(0.625, 0.625, 0.625)
(0.75, 0.75, 0.75)
(0.75, 0.75, 0.75)
(0.75, 0.75, 0.75)
(0.75, 0.75, 0.75)
(0.0, 0.0, 0.0)
(0.125, 0.125, 0.125)
(0.25, 0.25, 0.25)
(0.25, 0.25, 0.25)
(0.375, 0.375, 0.375)
(0.375, 0.375, 0.375)
(0.5, 0.5, 0.5)
(0.5, 0.5, 0.5)
(0.625, 0.625, 0.625)
(0.625, 0.625, 0.625)
(0.75, 0.75, 0.75)
(0.75, 0.75, 0.75)
(0.875, 0.875, 0.875)
(0.875, 0.875, 0.875)
(0.875, 0.875, 0.875)
(0.875, 0.875, 0.875)
(0.25, 0.25, 0.25)
(0.25, 0.25, 0.25)
(0.25, 0.25, 0.25)
(0.25, 0.25, 0.25)
(0.25, 0.25, 0.25)
(0.25, 0.25, 0.25)
(0.375, 0.375, 0.375)
(0.375, 0.375, 0.375)
(0.5, 0.5, 0.5)
(0.5, 0.5, 0.5)
(0.625, 0.625, 0.625)
(0.625, 0.625, 0.625)
(0.75, 0.75, 0.75)
(0.75, 0.75, 0.75)
(0.75, 0.75, 0.75)
(0.75, 0.75, 0.75)
(0.25, 0.25, 0.25)
(0.25, 0.25, 0.25)
(0.25, 0.25, 0.25)
(0.25, 0.25, 0.25)
(0.25, 0.25, 0.25)
(0.25, 0.25, 0.25)
(0.375, 0.375, 0.375)
(0.375, 0.375, 0.375)
(0.5, 0.5, 0.5)
(0.5, 0.5, 0.5)
(0.625, 0.625, 0.625)
(0.625, 0.625, 0.625)
(0.625, 0.625, 0.625)
(0.625, 0.625, 0.625)
(0.375, 0.375, 0.375)
(0.375, 0.375, 0.375)
(0.25, 0.25, 0.25)
(0.375, 0.375, 0.375)
(0.375, 0.375, 0.375)
(0.25, 0.25, 0.25)
(0.25, 0.25, 0.25)
(0.25, 0.25, 0.25)
(0.375, 0.375, 0.375)
(0.375, 0.375, 0.375)
(0.5, 0.5, 0.5)
(0.5, 0.5, 0.5)
(0.625, 0.625, 0.625)
(0.625, 0.625, 0.625)
(0.625, 0.625, 0.625)
(0.625, 0.625, 0.625)
(0.375, 0.375, 0.375)
(0.375, 0.375, 0.375)
(0.25, 0.25, 0.25)
(0.375, 0.375, 0.375)
(0.375, 0.375, 0.375)
(0.25, 0.25, 0.25)
(0.25, 0.25, 0.25)
(0.25, 0.25, 0.25)
(0.375, 0.375, 0.375)
(0.375, 0.375, 0.375)
(0.5, 0.5, 0.5)
(0.5, 0.5, 0.5)
(0.5, 0.5, 0.5)
(0.5, 0.5, 0.5)
(0.5, 0.5, 0.5)
(0.5, 0.5, 0.5)
(0.375, 0.375, 0.375)
(0.5, 0.5, 0.5)
(0.5, 0.5, 0.5)
(0.375, 0.375, 0.375)
(0.25, 0.25, 0.25)
(0.25, 0.25, 0.25)
(0.25, 0.25, 0.25)
(0.25, 0.25, 0.25)
(0.375, 0.375, 0.375)
(0.375, 0.375, 0.375)
(0.375, 0.375, 0.375)
(0.375, 0.375, 0.375)
(0.5, 0.5, 0.5)
(0.5, 0.5, 0.5)
(0.375, 0.375, 0.375)
(0.5, 0.5, 0.5)
(0.5, 0.5, 0.5)
(0.375, 0.375, 0.375)
(0.25, 0.25, 0.25)
(0.25, 0.25, 0.25)
(0.25, 0.25, 0.25)
(0.25, 0.25, 0.25)
(0.375, 0.375, 0.375)
(0.375, 0.375, 0.375)
(0.5, 0.5, 0.5)
(0.5, 0.5, 0.5)
(0.5, 0.5, 0.5)
(0.5, 0.5, 0.5)
(0.625, 0.625, 0.625)
(0.625, 0.625, 0.625)
(0.5, 0.5, 0.5)
(0.625, 0.625, 0.625)
(0.625, 0.625, 0.625)
(0.5, 0.5, 0.5)
(0.375, 0.375, 0.375)
(0.375, 0.375, 0.375)
(0.25, 0.25, 0.25)
(0.25, 0.25, 0.25)
(0.25, 0.25, 0.25)
(0.25, 0.25, 0.25)
(0.375, 0.375, 0.375)
(0.375, 0.375, 0.375)
(0.375, 0.375, 0.375)
(0.375, 0.375, 0.375)
(0.625, 0.625, 0.625)
(0.625, 0.625, 0.625)
(0.5, 0.5, 0.5)
(0.625, 0.625, 0.625)
(0.625, 0.625, 0.625)
(0.5, 0.5, 0.5)
(0.375, 0.375, 0.375)
(0.375, 0.375, 0.375)
(0.25, 0.25, 0.25)
(0.25, 0.25, 0.25)
(0.25, 0.25, 0.25)
(0.25, 0.25, 0.25)
(0.25, 0.25, 0.25)
(0.25, 0.25, 0.25)
(0.75, 0.75, 0.75)
(0.75, 0.75, 0.75)
(0.625, 0.625, 0.625)
(0.75, 0.75, 0.75)
(0.75, 0.75, 0.75)
(0.625, 0.625, 0.625)
(0.5, 0.5, 0.5)
(0.5, 0.5, 0.5)
(0.375, 0.375, 0.375)
(0.25, 0.25, 0.25)
(0.375, 0.375, 0.375)
(0.25, 0.25, 0.25)
(0.25, 0.25, 0.25)
(0.25, 0.25, 0.25)
(0.75, 0.75, 0.75)
(0.75, 0.75, 0.75)
(0.625, 0.625, 0.625)
(0.75, 0.75, 0.75)
(0.75, 0.75, 0.75)
(0.625, 0.625, 0.625)
(0.5, 0.5, 0.5)
(0.5, 0.5, 0.5)
(0.375, 0.375, 0.375)
(0.25, 0.25, 0.25)
(0.375, 0.375, 0.375)
(0.25, 0.25, 0.25)
(0.25, 0.25, 0.25)
(0.25, 0.25, 0.25)
(0.875, 0.875, 0.875)
(0.875, 0.875, 0.875)
(0.75, 0.75, 0.75)
(0.875, 0.875, 0.875)
(0.875, 0.875, 0.875)
(0.75, 0.75, 0.75)
(0.625, 0.625, 0.625)
(0.625, 0.625, 0.625)
(0.5, 0.5, 0.5)
(0.375, 0.375, 0.375)
(0.5, 0.5, 0.5)
(0.375, 0.375, 0.375)
(0.25, 0.25, 0.25)
(0.25, 0.25, 0.25)
(0.375, 0.375, 0.375)
(0.375, 0.375, 0.375)
(0.875, 0.875, 0.875)
(0.875, 0.875, 0.875)
(0.75, 0.75, 0.75)
(0.875, 0.875, 0.875)
(0.875, 0.875, 0.875)
(0.75, 0.75, 0.75)
(0.625, 0.625, 0.625)
(0.625, 0.625, 0.625)
(0.5, 0.5, 0.5)
(0.375, 0.375, 0.375)
(0.5, 0.5, 0.5)
(0.375, 0.375, 0.375)
(0.25, 0.25, 0.25)
(0.25, 0.25, 0.25)
(0.375, 0.375, 0.375)
(0.375, 0.375, 0.375)
(0.875, 0.875, 0.875)
(0.875, 0.875, 0.875)
(0.75, 0.75, 0.75)
(0.875, 0.875, 0.875)
(0.875, 0.875, 0.875)
(0.75, 0.75, 0.75)
(0.625, 0.625, 0.625)
(0.625, 0.625, 0.625)
(0.5, 0.5, 0.5)
(0.375, 0.375, 0.375)
(0.5, 0.5, 0.5)
(0.375, 0.375, 0.375)
(0.25, 0.25, 0.25)
(0.25, 0.25, 0.25)
(0.375, 0.375, 0.375)
(0.375, 0.375, 0.375)
(0.875, 0.875, 0.875)
(0.875, 0.875, 0.875)
(0.75, 0.75, 0.75)
(0.875, 0.875, 0.875)
(0.875, 0.875, 0.875)
(0.75, 0.75, 0.75)
(0.625, 0.625, 0.625)
(0.625, 0.625, 0.625)
(0.5, 0.5, 0.5)
(0.375, 0.375, 0.375)
(0.5, 0.5, 0.5)
(0.375, 0.375, 0.375)
(0.25, 0.25, 0.25)
(0.25, 0.25, 0.25)
(0.375, 0.375, 0.375)
(0.375, 0.375, 0.375)


total number of valid numbers:	 288
average missing branch rate:	 0.485243055555556
standard error: 0.0127428819366915