(0.125, 0.125, 0.125)
(0.25, 0.25, 0.25)
(0.25, 0.25, 0.25)
(0.125, 0.125, 0.125)
(0.625, 0.625, 0.625)
(0.25, 0.25, 0.25)
(0.25, 0.25, 0.25)
(0.875, 0.875, 0.875)
(0.375, 0.375, 0.375)
(0.25, 0.25, 0.25)
(0.125, 0.125, 0.125)
(0.125, 0.125, 0.125)
(0.25, 0.25, 0.25)
(0.125, 0.125, 0.125)
(0.5, 0.5, 0.5)
(0.125, 0.125, 0.125)
(0.125, 0.125, 0.125)
(0.125, 0.125, 0.125)
(0.375, 0.375, 0.375)
(0.625, 0.625, 0.625)
(0.125, 0.125, 0.125)
(0.75, 0.75, 0.75)
(0.5, 0.5, 0.5)
(0.25, 0.25, 0.25)
(0.125, 0.125, 0.125)
(0.875, 0.875, 0.875)
(0.625, 0.625, 0.625)
(0.5, 0.5, 0.5)
(0.375, 0.375, 0.375)
(0.375, 0.375, 0.375)
(0.5, 0.5, 0.5)
(0.75, 0.75, 0.75)
(0.5, 0.5, 0.5)
(0.375, 0.375, 0.375)
(0.125, 0.125, 0.125)
(0.25, 0.25, 0.25)
(0.875, 0.875, 0.875)
(0.25, 0.25, 0.25)
(0.375, 0.375, 0.375)
(0.375, 0.375, 0.375)
(0.25, 0.25, 0.25)
(0.625, 0.625, 0.625)
(0.5, 0.5, 0.5)
(0.625, 0.625, 0.625)
(0.125, 0.125, 0.125)
(0.25, 0.25, 0.25)
(0.125, 0.125, 0.125)
(0.375, 0.375, 0.375)
(0.125, 0.125, 0.125)
(0.25, 0.25, 0.25)
(0.75, 0.75, 0.75)
(0.75, 0.75, 0.75)
(0.375, 0.375, 0.375)
(0.125, 0.125, 0.125)
(0.625, 0.625, 0.625)
(0.25, 0.25, 0.25)
(0.25, 0.25, 0.25)
(0.125, 0.125, 0.125)
(0.125, 0.125, 0.125)
(0.25, 0.25, 0.25)
(0.5, 0.5, 0.5)
(0.75, 0.75, 0.75)
(0.5, 0.5, 0.5)
(0.25, 0.25, 0.25)
(0.25, 0.25, 0.25)
(0.75, 0.75, 0.75)
(0.25, 0.25, 0.25)
(0.5, 0.5, 0.5)
(0.125, 0.125, 0.125)
(0.125, 0.125, 0.125)
(0.5, 0.5, 0.5)
(0.625, 0.625, 0.625)
(0.375, 0.375, 0.375)
(0.375, 0.375, 0.375)
(0.75, 0.75, 0.75)
(0.375, 0.375, 0.375)
(0.625, 0.625, 0.625)
(0.125, 0.125, 0.125)
(0.625, 0.625, 0.625)
(0.125, 0.125, 0.125)
(0.125, 0.125, 0.125)
(0.5, 0.5, 0.5)
(0.5, 0.5, 0.5)
(0.75, 0.75, 0.75)
(0.5, 0.5, 0.5)
(0.125, 0.125, 0.125)
(0.75, 0.75, 0.75)
(0.25, 0.25, 0.25)
(0.875, 0.875, 0.875)
(0.125, 0.125, 0.125)
(0.25, 0.25, 0.25)
(0.125, 0.125, 0.125)
(0.25, 0.25, 0.25)
(0.25, 0.25, 0.25)
(0.25, 0.25, 0.25)
(0.75, 0.75, 0.75)
(0.125, 0.125, 0.125)
(0.625, 0.625, 0.625)
(0.125, 0.125, 0.125)
(0.625, 0.625, 0.625)
(0.625, 0.625, 0.625)
(0.375, 0.375, 0.375)
(0.625, 0.625, 0.625)
(0.25, 0.25, 0.25)
(0.5, 0.5, 0.5)
(0.25, 0.25, 0.25)
(0.375, 0.375, 0.375)
(0.25, 0.25, 0.25)
(0.375, 0.375, 0.375)
(0.625, 0.625, 0.625)
(0.375, 0.375, 0.375)
(0.125, 0.125, 0.125)
(0.125, 0.125, 0.125)
(0.125, 0.125, 0.125)
(0.25, 0.25, 0.25)
(0.875, 0.875, 0.875)
(0.875, 0.875, 0.875)
(0.25, 0.25, 0.25)
(0.375, 0.375, 0.375)
(0.375, 0.375, 0.375)
(0.25, 0.25, 0.25)
(0.625, 0.625, 0.625)
(0.5, 0.5, 0.5)
(0.125, 0.125, 0.125)
(0.75, 0.75, 0.75)
(0.25, 0.25, 0.25)
(0.75, 0.75, 0.75)
(0.375, 0.375, 0.375)
(0.125, 0.125, 0.125)
(0.125, 0.125, 0.125)
(0.625, 0.625, 0.625)
(0.25, 0.25, 0.25)
(0.875, 0.875, 0.875)
(0.625, 0.625, 0.625)
(0.25, 0.25, 0.25)
(0.875, 0.875, 0.875)
(0.375, 0.375, 0.375)
(0.125, 0.125, 0.125)
(0.375, 0.375, 0.375)
(0.625, 0.625, 0.625)
(0.5, 0.5, 0.5)
(0.125, 0.125, 0.125)
(0.375, 0.375, 0.375)
(0.25, 0.25, 0.25)
(0.125, 0.125, 0.125)
(0.5, 0.5, 0.5)
(0.375, 0.375, 0.375)
(0.25, 0.25, 0.25)
(0.25, 0.25, 0.25)
(0.375, 0.375, 0.375)
(0.125, 0.125, 0.125)
(0.125, 0.125, 0.125)
(0.75, 0.75, 0.75)
(0.375, 0.375, 0.375)
(0.125, 0.125, 0.125)
(0.25, 0.25, 0.25)
(0.75, 0.75, 0.75)
(0.375, 0.375, 0.375)
(0.125, 0.125, 0.125)
(0.375, 0.375, 0.375)
(0.5, 0.5, 0.5)
(0.25, 0.25, 0.25)
(0.5, 0.5, 0.5)
(0.25, 0.25, 0.25)
(0.25, 0.25, 0.25)
(0.5, 0.5, 0.5)
(0.125, 0.125, 0.125)
(0.25, 0.25, 0.25)
(0.25, 0.25, 0.25)
(0.5, 0.5, 0.5)
(0.375, 0.375, 0.375)
(0.75, 0.75, 0.75)
(0.875, 0.875, 0.875)
(0.25, 0.25, 0.25)
(0.5, 0.5, 0.5)
(0.5, 0.5, 0.5)
(0.25, 0.25, 0.25)
(0.125, 0.125, 0.125)
(0.25, 0.25, 0.25)
(0.5, 0.5, 0.5)
(0.25, 0.25, 0.25)
(0.25, 0.25, 0.25)
(0.625, 0.625, 0.625)
(0.125, 0.125, 0.125)
(0.375, 0.375, 0.375)
(0.125, 0.125, 0.125)
(0.25, 0.25, 0.25)
(0.75, 0.75, 0.75)
(0.875, 0.875, 0.875)
(0.125, 0.125, 0.125)
(0.375, 0.375, 0.375)
(0.375, 0.375, 0.375)
(0.625, 0.625, 0.625)
(0.375, 0.375, 0.375)
(0.375, 0.375, 0.375)
(0.125, 0.125, 0.125)
(0.125, 0.125, 0.125)
(0.625, 0.625, 0.625)
(0.5, 0.5, 0.5)
(0.375, 0.375, 0.375)
(0.375, 0.375, 0.375)
(0.125, 0.125, 0.125)
(0.125, 0.125, 0.125)
(0.125, 0.125, 0.125)
(0.875, 0.875, 0.875)
(0.125, 0.125, 0.125)
(0.25, 0.25, 0.25)
(0.25, 0.25, 0.25)
(0.375, 0.375, 0.375)
(0.125, 0.125, 0.125)
(0.5, 0.5, 0.5)
(0.75, 0.75, 0.75)
(0.25, 0.25, 0.25)
(0.875, 0.875, 0.875)
(0.25, 0.25, 0.25)
(0.875, 0.875, 0.875)
(0.375, 0.375, 0.375)
(0.875, 0.875, 0.875)
(0.375, 0.375, 0.375)
(0.5, 0.5, 0.5)
(0.125, 0.125, 0.125)
(0.5, 0.5, 0.5)
(0.375, 0.375, 0.375)
(0.25, 0.25, 0.25)
(0.125, 0.125, 0.125)
(0.375, 0.375, 0.375)
(0.5, 0.5, 0.5)
(0.375, 0.375, 0.375)
(0.625, 0.625, 0.625)
(0.625, 0.625, 0.625)
(0.125, 0.125, 0.125)
(0.5, 0.5, 0.5)
(0.125, 0.125, 0.125)
(0.875, 0.875, 0.875)
(0.5, 0.5, 0.5)
(0.25, 0.25, 0.25)
(0.125, 0.125, 0.125)
(0.75, 0.75, 0.75)
(0.75, 0.75, 0.75)
(0.25, 0.25, 0.25)
(0.125, 0.125, 0.125)
(0.25, 0.25, 0.25)
(0.125, 0.125, 0.125)
(0.375, 0.375, 0.375)
(0.375, 0.375, 0.375)
(0.125, 0.125, 0.125)
(0.5, 0.5, 0.5)
(0.625, 0.625, 0.625)
(0.125, 0.125, 0.125)
(0.625, 0.625, 0.625)
(0.25, 0.25, 0.25)
(0.125, 0.125, 0.125)
(0.25, 0.25, 0.25)
(0.25, 0.25, 0.25)
(0.5, 0.5, 0.5)
(0.5, 0.5, 0.5)
(0.25, 0.25, 0.25)
(0.625, 0.625, 0.625)
(0.5, 0.5, 0.5)
(0.125, 0.125, 0.125)
(0.25, 0.25, 0.25)
(0.25, 0.25, 0.25)
(0.5, 0.5, 0.5)
(0.5, 0.5, 0.5)
(0.75, 0.75, 0.75)
(0.375, 0.375, 0.375)
(0.5, 0.5, 0.5)
(0.375, 0.375, 0.375)
(0.625, 0.625, 0.625)
(0.625, 0.625, 0.625)
(0.5, 0.5, 0.5)
(0.75, 0.75, 0.75)
(0.625, 0.625, 0.625)
(0.375, 0.375, 0.375)
(0.375, 0.375, 0.375)
(0.125, 0.125, 0.125)
(0.25, 0.25, 0.25)
(0.5, 0.5, 0.5)
(0.25, 0.25, 0.25)
(0.625, 0.625, 0.625)
(0.75, 0.75, 0.75)
(0.625, 0.625, 0.625)
(0.875, 0.875, 0.875)
(0.75, 0.75, 0.75)
(0.75, 0.75, 0.75)
(0.375, 0.375, 0.375)
(0.25, 0.25, 0.25)
(0.625, 0.625, 0.625)


total number of valid numbers:	 288
average missing branch rate:	 0.395833333333333
standard error: 0.0133917088719978